Student's answer: 
[[223.5  75.  139.   61.   41.5 179.  205.   92.5 237.5 186.5 148.  243.5
127.  127.5]
[ 40.5 226.  181.5 112.  122.5  83.5 143.  190.  169.   79.   75.5  33.
88.  127.5]
[204.5  56.  115.5 162.5 116.5 183.5 126.5 129.  107.5 122.  149.  123.
141.5 127.5]
[158.   48.  165.  143.5  90.  151.5  29.  184.  185.5 162.5 192.5  86.5
137.  127.5]
[153.  150.5 124.5  99.   89.  111.  130.5 208.5 139.  155.  198.  116.5
168.5 127.5]
[100.5 104.5  25.   95.5 168.  186.  248.5 139.  103.5  99.5  68.5 155.5
102.  127.5]
[165.   35.5  95.5 139.5  70.  111.  117.  103.  109.  215.5 186.  161.5
218.  127.5]
[165.   63.5 118.  169.   76.5 118.5  99.5 138.  182.5 152.5 154.   56.5
49.  127.5]
[108.5  14.  189.5 219.5 192.  213.   64.   32.   48.  105.  166.  169.5
175.5 127.5]
[115.5 158.5 247.   93.5 133.   92.5  17.5 221.5  38.5 122.5 158.   55.5
152.5 127.5]
[141.   75.5 175.   82.5 139.  160.5  77.5 205.   50.5 118.  156.5  79.
115.5 127.5]]
Correct answer: 
[[227.81449893  66.3326226  135.92750533  51.108742    29.90405117
179.42430704 207.69722814  85.36247335 243.03837953 187.57995736
145.71428571 249.56289979 122.87846482 123.42217484]
[ 28.81663113 230.53304904 182.14285714 106.56716418 117.98507463
75.57569296 140.2771855  191.38592751 168.55010661  70.68230277
66.87633262  20.66098081  80.46908316 123.42217484]
[207.15351812  45.67164179 110.37313433 161.48187633 111.46055437
184.31769723 122.3347548  125.0533049  101.67377399 117.44136461
146.80170576 118.52878465 138.64605544 123.42217484]
[156.58848614  36.97228145 164.20042644 140.82089552  82.64392324
149.52025586  16.31130064 184.86140725 186.49253731 161.48187633
194.10447761  78.83795309 133.75266525 123.42217484]
[151.15138593 148.43283582 120.15991471  92.43070362  81.5565032
105.47974414 126.68443497 211.50319829 135.92750533 153.32622601
200.08528785 111.46055437 168.00639659 123.42217484]
[ 94.06183369  98.41151386  11.96162047  88.62473348 167.46268657
187.03624733 255.         135.92750533  97.32409382  92.97441365
59.26439232 153.86993603  95.69296375 123.42217484]
[164.20042644  23.37953092  88.62473348 136.47121535  60.89552239
105.47974414 112.00426439  96.7803838  103.30490405 219.11513859
187.03624733 160.39445629 221.8336887  123.42217484]
[164.20042644  53.82729211 113.09168443 168.55010661  67.96375267
113.63539446  92.97441365 134.84008529 183.23027719 150.60767591
152.23880597  46.21535181  38.05970149 123.42217484]
[102.76119403   0.         190.84221748 223.46481876 193.56076759
216.39658849  54.37100213  19.57356077  36.97228145  98.95522388
165.28784648 169.09381663 175.61833689 123.42217484]
[110.37313433 157.13219616 253.36886994  86.44989339 129.40298507
85.36247335   3.80597015 225.63965885  26.64179104 117.98507463
156.58848614  45.12793177 150.60767591 123.42217484]
[138.10234542  66.87633262 175.07462687  74.48827292 135.92750533
159.30703625  69.05117271 207.69722814  39.69083156 113.09168443
154.95735608  70.68230277 110.37313433 123.42217484]]
",

"Correct answer: \
{}\".format(student, ref))
AssertionError: The difference at one pixel value was unexpectedly large. Make sure you subtract the shifted image from the original and not the other way around. Additionally, the pixel values should be normalized and scaled using a min max method so they are in [0, 255]. Finally, make sure you pay special attention to which data type you use when performing arithmetic operations.
Student's answer: 
[[nan nan nan nan nan nan nan nan nan nan nan nan]
[nan nan nan nan nan nan nan nan nan nan nan nan]
[nan nan nan nan nan nan nan nan nan nan nan nan]
[nan nan nan nan nan nan nan nan nan nan nan nan]
[nan nan nan nan nan nan nan nan nan nan nan nan]
[nan nan nan nan nan nan nan nan nan nan nan nan]
[nan nan nan nan nan nan nan nan nan nan nan nan]
[nan nan nan nan nan nan nan nan nan nan nan nan]
[nan nan nan nan nan nan nan nan nan nan nan nan]
[nan nan nan nan nan nan nan nan nan nan nan nan]
[nan nan nan nan nan nan nan nan nan nan nan nan]]
Correct answer: 
[[0. 0. 0. 0. 0. 0. 0. 0. 0. 0. 0. 0.]
[0. 0. 0. 0. 0. 0. 0. 0. 0. 0. 0. 0.]
[0. 0. 0. 0. 0. 0. 0. 0. 0. 0. 0. 0.]
[0. 0. 0. 0. 0. 0. 0. 0. 0. 0. 0. 0.]
[0. 0. 0. 0. 0. 0. 0. 0. 0. 0. 0. 0.]
[0. 0. 0. 0. 0. 0. 0. 0. 0. 0. 0. 0.]
[0. 0. 0. 0. 0. 0. 0. 0. 0. 0. 0. 0.]
[0. 0. 0. 0. 0. 0. 0. 0. 0. 0. 0. 0.]
[0. 0. 0. 0. 0. 0. 0. 0. 0. 0. 0. 0.]
[0. 0. 0. 0. 0. 0. 0. 0. 0. 0. 0. 0.]
[0. 0. 0. 0. 0. 0. 0. 0. 0. 0. 0. 0.]]
",
